167.0 346.0 167.0 345.0
167.0 345.0 167.0 341.0
167.0 341.0 167.0 339.0
167.0 339.0 167.0 338.0
167.0 338.0 167.0 336.0
167.0 336.0 167.0 334.0
167.0 334.0 167.0 332.0
167.0 332.0 168.0 329.0
168.0 329.0 168.0 326.0
168.0 326.0 169.0 321.0
169.0 321.0 169.0 318.0
169.0 318.0 170.0 313.0
170.0 313.0 171.0 309.0
171.0 309.0 171.0 306.0
171.0 306.0 172.0 302.0
172.0 302.0 172.0 298.0
172.0 298.0 172.0 295.0
172.0 295.0 172.0 290.0
172.0 290.0 172.0 287.0
172.0 287.0 172.0 282.0
172.0 282.0 172.0 276.0
172.0 276.0 172.0 271.0
172.0 271.0 172.0 267.0
172.0 267.0 172.0 261.0
172.0 261.0 172.0 257.0
172.0 257.0 172.0 253.0
172.0 253.0 172.0 248.0
172.0 248.0 172.0 242.0
172.0 242.0 172.0 236.0
172.0 236.0 172.0 229.0
172.0 229.0 172.0 220.0
172.0 220.0 171.0 213.0
171.0 213.0 171.0 204.0
171.0 204.0 170.0 196.0
170.0 196.0 169.0 188.0
169.0 188.0 169.0 182.0
169.0 182.0 169.0 174.0
169.0 174.0 168.0 167.0
168.0 167.0 168.0 160.0
168.0 160.0 168.0 153.0
168.0 153.0 168.0 147.0
168.0 147.0 167.0 143.0
167.0 143.0 167.0 139.0
167.0 139.0 167.0 136.0
167.0 136.0 167.0 133.0
167.0 133.0 167.0 131.0
167.0 131.0 167.0 130.0
167.0 130.0 167.0 129.0
170.0 344.0 174.0 344.0
174.0 344.0 178.0 343.0
178.0 343.0 184.0 342.0
184.0 342.0 188.0 341.0
188.0 341.0 193.0 338.0
193.0 338.0 197.0 337.0
197.0 337.0 201.0 335.0
201.0 335.0 207.0 332.0
207.0 332.0 212.0 330.0
212.0 330.0 214.0 329.0
214.0 329.0 216.0 328.0
216.0 328.0 218.0 327.0
218.0 327.0 220.0 326.0
220.0 326.0 221.0 325.0
221.0 325.0 224.0 323.0
224.0 323.0 226.0 320.0
226.0 320.0 228.0 319.0
228.0 319.0 229.0 317.0
229.0 317.0 230.0 315.0
230.0 315.0 231.0 312.0
231.0 312.0 232.0 309.0
232.0 309.0 233.0 305.0
233.0 305.0 234.0 302.0
234.0 302.0 234.0 300.0
234.0 300.0 234.0 297.0
234.0 297.0 234.0 294.0
234.0 294.0 233.0 289.0
233.0 289.0 232.0 286.0
232.0 286.0 231.0 281.0
231.0 281.0 230.0 277.0
230.0 277.0 229.0 274.0
229.0 274.0 227.0 270.0
227.0 270.0 226.0 267.0
226.0 267.0 224.0 264.0
224.0 264.0 222.0 262.0
222.0 262.0 220.0 259.0
220.0 259.0 218.0 256.0
218.0 256.0 215.0 251.0
215.0 251.0 212.0 249.0
212.0 249.0 211.0 247.0
211.0 247.0 208.0 245.0
208.0 245.0 203.0 241.0
203.0 241.0 200.0 239.0
200.0 239.0 196.0 236.0
196.0 236.0 194.0 235.0
194.0 235.0 192.0 234.0
192.0 234.0 190.0 232.0
190.0 232.0 188.0 232.0
188.0 232.0 185.0 231.0
185.0 231.0 183.0 230.0
183.0 230.0 182.0 230.0
182.0 230.0 180.0 230.0
180.0 230.0 179.0 230.0
179.0 230.0 178.0 229.0
178.0 229.0 177.0 229.0
177.0 229.0 177.0 228.0
177.0 228.0 176.0 228.0
176.0 228.0 175.0 228.0
175.0 228.0 174.0 228.0
174.0 228.0 174.0 227.0
174.0 227.0 173.0 227.0
174.0 226.0 177.0 224.0
177.0 224.0 182.0 222.0
182.0 222.0 189.0 219.0
189.0 219.0 195.0 216.0
195.0 216.0 201.0 213.0
201.0 213.0 206.0 211.0
206.0 211.0 212.0 208.0
212.0 208.0 217.0 203.0
217.0 203.0 220.0 201.0
220.0 201.0 222.0 199.0
222.0 199.0 224.0 199.0
224.0 199.0 226.0 197.0
226.0 197.0 226.0 196.0
226.0 196.0 227.0 195.0
227.0 195.0 227.0 194.0
227.0 194.0 227.0 193.0
227.0 193.0 227.0 192.0
227.0 192.0 229.0 190.0
229.0 190.0 229.0 188.0
229.0 188.0 229.0 185.0
229.0 185.0 229.0 182.0
229.0 182.0 229.0 180.0
229.0 180.0 229.0 179.0
229.0 179.0 229.0 178.0
229.0 178.0 229.0 177.0
229.0 177.0 229.0 176.0
229.0 176.0 228.0 175.0
228.0 175.0 227.0 174.0
227.0 174.0 225.0 172.0
225.0 172.0 223.0 170.0
223.0 170.0 221.0 168.0
221.0 168.0 218.0 167.0
218.0 167.0 216.0 165.0
216.0 165.0 212.0 163.0
212.0 163.0 208.0 159.0
208.0 159.0 205.0 157.0
205.0 157.0 203.0 156.0
203.0 156.0 201.0 156.0
201.0 156.0 199.0 153.0
199.0 153.0 196.0 151.0
196.0 151.0 192.0 149.0
192.0 149.0 190.0 147.0
190.0 147.0 186.0 144.0
186.0 144.0 185.0 143.0
185.0 143.0 184.0 143.0
184.0 143.0 183.0 142.0
183.0 142.0 183.0 141.0
183.0 141.0 181.0 141.0
181.0 141.0 180.0 141.0
180.0 141.0 179.0 140.0
179.0 140.0 179.0 139.0
179.0 139.0 178.0 139.0
178.0 139.0 178.0 138.0
178.0 138.0 177.0 138.0
177.0 138.0 177.0 137.0
177.0 137.0 175.0 136.0
175.0 136.0 174.0 136.0
174.0 136.0 174.0 134.0
174.0 134.0 173.0 134.0
173.0 134.0 173.0 133.0
173.0 133.0 172.0 133.0
172.0 133.0 172.0 132.0
172.0 132.0 171.0 131.0
171.0 131.0 169.0 131.0
169.0 131.0 168.0 130.0
168.0 130.0 168.0 129.0
