158.0 413.0 158.0 409.0
158.0 409.0 158.0 398.0
158.0 398.0 158.0 387.0
158.0 387.0 158.0 371.0
158.0 371.0 158.0 358.0
158.0 358.0 158.0 345.0
158.0 345.0 159.0 335.0
159.0 335.0 161.0 325.0
161.0 325.0 163.0 313.0
163.0 313.0 163.0 301.0
163.0 301.0 163.0 291.0
163.0 291.0 163.0 281.0
163.0 281.0 163.0 272.0
163.0 272.0 163.0 262.0
163.0 262.0 163.0 255.0
163.0 255.0 163.0 249.0
163.0 249.0 163.0 242.0
163.0 242.0 163.0 236.0
163.0 236.0 163.0 228.0
163.0 228.0 162.0 221.0
162.0 221.0 161.0 214.0
161.0 214.0 159.0 207.0
159.0 207.0 159.0 201.0
159.0 201.0 159.0 195.0
159.0 195.0 159.0 189.0
159.0 189.0 158.0 183.0
158.0 183.0 158.0 177.0
158.0 177.0 158.0 172.0
158.0 172.0 157.0 164.0
157.0 164.0 156.0 159.0
156.0 159.0 156.0 154.0
156.0 154.0 156.0 150.0
156.0 150.0 156.0 146.0
156.0 146.0 156.0 142.0
156.0 142.0 156.0 138.0
156.0 138.0 156.0 134.0
156.0 134.0 156.0 131.0
156.0 131.0 156.0 128.0
156.0 128.0 156.0 126.0
156.0 126.0 156.0 123.0
156.0 123.0 155.0 121.0
155.0 121.0 155.0 120.0
155.0 120.0 155.0 118.0
155.0 118.0 155.0 115.0
155.0 115.0 155.0 114.0
155.0 114.0 155.0 111.0
155.0 111.0 155.0 110.0
155.0 110.0 155.0 108.0
155.0 108.0 155.0 106.0
155.0 106.0 155.0 105.0
163.0 411.0 174.0 408.0
174.0 408.0 190.0 405.0
190.0 405.0 208.0 402.0
208.0 402.0 227.0 399.0
227.0 399.0 245.0 396.0
245.0 396.0 257.0 391.0
257.0 391.0 268.0 385.0
268.0 385.0 277.0 379.0
277.0 379.0 285.0 373.0
285.0 373.0 290.0 366.0
290.0 366.0 294.0 360.0
294.0 360.0 298.0 355.0
298.0 355.0 302.0 349.0
302.0 349.0 304.0 343.0
304.0 343.0 305.0 336.0
305.0 336.0 307.0 326.0
307.0 326.0 309.0 316.0
309.0 316.0 310.0 309.0
310.0 309.0 310.0 305.0
310.0 305.0 309.0 301.0
309.0 301.0 308.0 296.0
308.0 296.0 305.0 292.0
305.0 292.0 301.0 287.0
301.0 287.0 296.0 282.0
296.0 282.0 291.0 277.0
291.0 277.0 286.0 273.0
286.0 273.0 283.0 270.0
283.0 270.0 279.0 267.0
279.0 267.0 273.0 264.0
273.0 264.0 265.0 260.0
265.0 260.0 259.0 257.0
259.0 257.0 251.0 254.0
251.0 254.0 242.0 252.0
242.0 252.0 235.0 250.0
235.0 250.0 227.0 249.0
227.0 249.0 220.0 248.0
220.0 248.0 214.0 247.0
214.0 247.0 208.0 246.0
208.0 246.0 202.0 246.0
202.0 246.0 199.0 246.0
199.0 246.0 194.0 246.0
194.0 246.0 191.0 246.0
191.0 246.0 187.0 246.0
187.0 246.0 184.0 246.0
184.0 246.0 179.0 246.0
179.0 246.0 176.0 246.0
176.0 246.0 174.0 246.0
174.0 246.0 172.0 246.0
172.0 246.0 170.0 246.0
170.0 246.0 170.0 245.0
170.0 245.0 169.0 245.0
169.0 245.0 168.0 245.0
168.0 245.0 167.0 245.0
167.0 245.0 166.0 245.0
166.0 245.0 165.0 245.0
165.0 245.0 165.0 244.0
165.0 244.0 164.0 244.0
164.0 242.0 168.0 242.0
168.0 242.0 177.0 240.0
177.0 240.0 186.0 238.0
186.0 238.0 196.0 234.0
196.0 234.0 206.0 229.0
206.0 229.0 214.0 226.0
214.0 226.0 221.0 223.0
221.0 223.0 228.0 219.0
228.0 219.0 235.0 216.0
235.0 216.0 239.0 214.0
239.0 214.0 242.0 211.0
242.0 211.0 246.0 207.0
246.0 207.0 247.0 204.0
247.0 204.0 250.0 199.0
250.0 199.0 251.0 195.0
251.0 195.0 254.0 189.0
254.0 189.0 256.0 182.0
256.0 182.0 257.0 175.0
257.0 175.0 258.0 168.0
258.0 168.0 258.0 164.0
258.0 164.0 258.0 158.0
258.0 158.0 258.0 154.0
258.0 154.0 258.0 151.0
258.0 151.0 258.0 147.0
258.0 147.0 257.0 144.0
257.0 144.0 256.0 141.0
256.0 141.0 255.0 137.0
255.0 137.0 253.0 134.0
253.0 134.0 250.0 131.0
250.0 131.0 247.0 128.0
247.0 128.0 244.0 125.0
244.0 125.0 241.0 123.0
241.0 123.0 237.0 120.0
237.0 120.0 233.0 118.0
233.0 118.0 229.0 115.0
229.0 115.0 225.0 113.0
225.0 113.0 221.0 112.0
221.0 112.0 218.0 111.0
218.0 111.0 216.0 110.0
216.0 110.0 215.0 110.0
215.0 110.0 213.0 110.0
213.0 110.0 211.0 110.0
211.0 110.0 209.0 109.0
209.0 109.0 206.0 109.0
206.0 109.0 203.0 108.0
203.0 108.0 199.0 108.0
199.0 108.0 195.0 107.0
195.0 107.0 193.0 107.0
193.0 107.0 191.0 107.0
191.0 107.0 188.0 107.0
188.0 107.0 186.0 107.0
186.0 107.0 184.0 107.0
184.0 107.0 182.0 107.0
182.0 107.0 180.0 107.0
180.0 107.0 178.0 107.0
178.0 107.0 177.0 107.0
177.0 107.0 176.0 107.0
176.0 107.0 174.0 107.0
174.0 107.0 173.0 107.0
173.0 107.0 172.0 107.0
172.0 107.0 171.0 107.0
171.0 107.0 170.0 107.0
170.0 107.0 169.0 107.0
169.0 107.0 168.0 107.0
168.0 107.0 167.0 107.0
167.0 107.0 166.0 107.0
166.0 107.0 165.0 107.0
165.0 107.0 164.0 107.0
164.0 107.0 163.0 106.0
163.0 106.0 162.0 106.0
162.0 106.0 160.0 106.0
160.0 106.0 159.0 106.0
159.0 106.0 158.0 105.0
158.0 105.0 157.0 105.0
157.0 105.0 156.0 105.0
156.0 105.0 156.0 104.0
156.0 104.0 155.0 104.0
