179.0 383.0 179.0 381.0
179.0 381.0 179.0 377.0
179.0 377.0 179.0 373.0
179.0 373.0 179.0 363.0
179.0 363.0 178.0 351.0
178.0 351.0 176.0 339.0
176.0 339.0 174.0 325.0
174.0 325.0 174.0 312.0
174.0 312.0 174.0 301.0
174.0 301.0 174.0 288.0
174.0 288.0 174.0 277.0
174.0 277.0 174.0 266.0
174.0 266.0 174.0 258.0
174.0 258.0 174.0 250.0
174.0 250.0 172.0 241.0
172.0 241.0 171.0 234.0
171.0 234.0 170.0 229.0
170.0 229.0 170.0 223.0
170.0 223.0 169.0 218.0
169.0 218.0 169.0 212.0
169.0 212.0 169.0 204.0
169.0 204.0 168.0 198.0
168.0 198.0 167.0 194.0
167.0 194.0 167.0 193.0
167.0 193.0 167.0 192.0
167.0 192.0 167.0 191.0
167.0 191.0 166.0 191.0
182.0 382.0 185.0 380.0
185.0 380.0 190.0 377.0
190.0 377.0 195.0 373.0
195.0 373.0 200.0 369.0
200.0 369.0 204.0 365.0
204.0 365.0 207.0 361.0
207.0 361.0 211.0 357.0
211.0 357.0 213.0 354.0
213.0 354.0 217.0 349.0
217.0 349.0 220.0 345.0
220.0 345.0 222.0 342.0
222.0 342.0 223.0 340.0
223.0 340.0 225.0 338.0
225.0 338.0 226.0 335.0
226.0 335.0 228.0 331.0
228.0 331.0 229.0 328.0
229.0 328.0 230.0 325.0
230.0 325.0 230.0 324.0
230.0 324.0 230.0 322.0
230.0 322.0 230.0 320.0
230.0 320.0 230.0 318.0
230.0 318.0 230.0 316.0
230.0 316.0 230.0 313.0
230.0 313.0 229.0 311.0
229.0 311.0 229.0 310.0
229.0 310.0 228.0 308.0
228.0 308.0 227.0 307.0
227.0 307.0 227.0 306.0
227.0 306.0 226.0 305.0
226.0 305.0 225.0 304.0
225.0 304.0 224.0 303.0
224.0 303.0 222.0 302.0
222.0 302.0 220.0 301.0
220.0 301.0 218.0 299.0
218.0 299.0 213.0 297.0
213.0 297.0 209.0 295.0
209.0 295.0 206.0 293.0
206.0 293.0 202.0 291.0
202.0 291.0 198.0 291.0
198.0 291.0 197.0 290.0
197.0 290.0 194.0 289.0
194.0 289.0 192.0 288.0
192.0 288.0 190.0 288.0
190.0 288.0 188.0 288.0
188.0 288.0 185.0 287.0
185.0 287.0 183.0 287.0
183.0 287.0 182.0 287.0
182.0 287.0 180.0 287.0
180.0 287.0 179.0 286.0
179.0 286.0 178.0 286.0
178.0 286.0 177.0 285.0
177.0 285.0 176.0 285.0
176.0 285.0 175.0 285.0
176.0 283.0 178.0 283.0
178.0 283.0 183.0 281.0
183.0 281.0 191.0 278.0
191.0 278.0 196.0 275.0
196.0 275.0 200.0 273.0
200.0 273.0 203.0 271.0
203.0 271.0 206.0 269.0
206.0 269.0 206.0 268.0
206.0 268.0 208.0 267.0
208.0 267.0 209.0 265.0
209.0 265.0 210.0 264.0
210.0 264.0 212.0 260.0
212.0 260.0 213.0 258.0
213.0 258.0 213.0 256.0
213.0 256.0 213.0 255.0
213.0 255.0 213.0 253.0
213.0 253.0 213.0 251.0
213.0 251.0 213.0 250.0
213.0 250.0 213.0 246.0
213.0 246.0 213.0 244.0
213.0 244.0 213.0 241.0
213.0 241.0 213.0 239.0
213.0 239.0 213.0 237.0
213.0 237.0 213.0 235.0
213.0 235.0 213.0 233.0
213.0 233.0 212.0 231.0
212.0 231.0 210.0 227.0
210.0 227.0 208.0 223.0
208.0 223.0 206.0 220.0
206.0 220.0 204.0 217.0
204.0 217.0 203.0 216.0
203.0 216.0 202.0 214.0
202.0 214.0 200.0 212.0
200.0 212.0 200.0 211.0
200.0 211.0 198.0 210.0
198.0 210.0 196.0 209.0
196.0 209.0 194.0 207.0
194.0 207.0 193.0 207.0
193.0 207.0 191.0 207.0
191.0 207.0 190.0 206.0
190.0 206.0 188.0 206.0
188.0 206.0 187.0 206.0
187.0 206.0 186.0 205.0
186.0 205.0 185.0 205.0
185.0 205.0 183.0 204.0
183.0 204.0 182.0 203.0
182.0 203.0 181.0 203.0
181.0 203.0 180.0 202.0
180.0 202.0 179.0 202.0
179.0 202.0 178.0 201.0
178.0 201.0 177.0 201.0
177.0 201.0 177.0 200.0
177.0 200.0 176.0 200.0
176.0 200.0 176.0 199.0
176.0 199.0 175.0 199.0
175.0 199.0 174.0 199.0
174.0 199.0 174.0 198.0
174.0 198.0 172.0 198.0
172.0 198.0 171.0 198.0
171.0 198.0 171.0 197.0
171.0 197.0 170.0 197.0
170.0 197.0 170.0 196.0
170.0 196.0 169.0 196.0
169.0 196.0 168.0 196.0
