107.0 239.0 107.0 238.0
107.0 238.0 107.0 234.0
107.0 234.0 106.0 227.0
106.0 227.0 105.0 219.0
105.0 219.0 105.0 208.0
105.0 208.0 105.0 199.0
105.0 199.0 105.0 190.0
105.0 190.0 105.0 182.0
105.0 182.0 105.0 174.0
105.0 174.0 105.0 167.0
105.0 167.0 105.0 159.0
105.0 159.0 104.0 152.0
104.0 152.0 104.0 147.0
104.0 147.0 104.0 143.0
104.0 143.0 104.0 139.0
104.0 139.0 103.0 136.0
103.0 136.0 102.0 134.0
102.0 134.0 102.0 131.0
102.0 131.0 102.0 128.0
102.0 128.0 101.0 125.0
101.0 125.0 101.0 124.0
101.0 124.0 101.0 122.0
101.0 122.0 101.0 120.0
101.0 120.0 101.0 118.0
101.0 118.0 99.0 114.0
99.0 114.0 99.0 110.0
99.0 110.0 99.0 107.0
99.0 107.0 99.0 105.0
99.0 105.0 99.0 104.0
99.0 104.0 99.0 103.0
99.0 103.0 99.0 102.0
99.0 102.0 99.0 101.0
99.0 101.0 99.0 100.0
110.0 238.0 117.0 236.0
117.0 236.0 125.0 232.0
125.0 232.0 134.0 228.0
134.0 228.0 140.0 224.0
140.0 224.0 145.0 220.0
145.0 220.0 151.0 214.0
151.0 214.0 156.0 208.0
156.0 208.0 161.0 201.0
161.0 201.0 163.0 196.0
163.0 196.0 165.0 192.0
165.0 192.0 166.0 187.0
166.0 187.0 166.0 184.0
166.0 184.0 167.0 178.0
167.0 178.0 167.0 173.0
167.0 173.0 167.0 169.0
167.0 169.0 167.0 164.0
167.0 164.0 167.0 159.0
167.0 159.0 166.0 157.0
166.0 157.0 166.0 155.0
166.0 155.0 165.0 154.0
165.0 154.0 163.0 152.0
163.0 152.0 161.0 151.0
161.0 151.0 159.0 148.0
159.0 148.0 154.0 146.0
154.0 146.0 150.0 144.0
150.0 144.0 145.0 142.0
145.0 142.0 139.0 141.0
139.0 141.0 136.0 141.0
136.0 141.0 134.0 140.0
134.0 140.0 132.0 140.0
132.0 140.0 131.0 140.0
131.0 140.0 129.0 140.0
129.0 140.0 128.0 140.0
128.0 140.0 127.0 140.0
127.0 140.0 126.0 140.0
126.0 140.0 125.0 140.0
125.0 140.0 124.0 140.0
124.0 140.0 123.0 140.0
123.0 140.0 122.0 140.0
122.0 140.0 121.0 140.0
121.0 140.0 120.0 140.0
120.0 140.0 118.0 140.0
118.0 140.0 117.0 140.0
117.0 140.0 116.0 140.0
116.0 140.0 115.0 140.0
115.0 140.0 114.0 140.0
114.0 140.0 113.0 140.0
113.0 140.0 112.0 140.0
112.0 140.0 111.0 140.0
111.0 140.0 110.0 140.0
110.0 140.0 109.0 140.0
109.0 140.0 108.0 140.0
108.0 140.0 107.0 140.0
107.0 140.0 107.0 139.0
107.0 139.0 105.0 139.0
105.0 139.0 104.0 139.0
106.0 139.0 114.0 139.0
114.0 139.0 125.0 137.0
125.0 137.0 139.0 134.0
139.0 134.0 150.0 132.0
150.0 132.0 158.0 130.0
158.0 130.0 164.0 127.0
164.0 127.0 169.0 124.0
169.0 124.0 170.0 123.0
170.0 123.0 172.0 121.0
172.0 121.0 173.0 120.0
173.0 120.0 174.0 119.0
174.0 119.0 174.0 118.0
174.0 118.0 176.0 116.0
176.0 116.0 176.0 115.0
176.0 115.0 176.0 114.0
176.0 114.0 176.0 113.0
176.0 113.0 176.0 111.0
176.0 111.0 176.0 110.0
176.0 110.0 176.0 108.0
176.0 108.0 175.0 106.0
175.0 106.0 174.0 105.0
174.0 105.0 172.0 103.0
172.0 103.0 170.0 102.0
170.0 102.0 167.0 101.0
167.0 101.0 163.0 99.0
163.0 99.0 156.0 97.0
156.0 97.0 150.0 96.0
150.0 96.0 141.0 95.0
141.0 95.0 134.0 94.0
134.0 94.0 129.0 93.0
129.0 93.0 126.0 93.0
126.0 93.0 124.0 93.0
124.0 93.0 122.0 93.0
122.0 93.0 120.0 93.0
120.0 93.0 117.0 93.0
117.0 93.0 115.0 93.0
115.0 93.0 112.0 93.0
112.0 93.0 110.0 92.0
110.0 92.0 109.0 92.0
109.0 92.0 108.0 92.0
108.0 92.0 107.0 92.0
107.0 92.0 106.0 92.0
106.0 92.0 105.0 92.0
105.0 92.0 104.0 92.0
104.0 92.0 103.0 92.0
103.0 92.0 102.0 92.0
102.0 92.0 101.0 93.0
101.0 93.0 100.0 93.0
