126.0 312.0 129.0 306.0
129.0 306.0 133.0 295.0
133.0 295.0 139.0 279.0
139.0 279.0 147.0 264.0
147.0 264.0 153.0 249.0
153.0 249.0 159.0 237.0
159.0 237.0 167.0 223.0
167.0 223.0 175.0 209.0
175.0 209.0 182.0 194.0
182.0 194.0 189.0 180.0
189.0 180.0 195.0 166.0
195.0 166.0 199.0 155.0
199.0 155.0 203.0 144.0
203.0 144.0 207.0 136.0
207.0 136.0 212.0 125.0
212.0 125.0 217.0 117.0
217.0 117.0 220.0 109.0
220.0 109.0 223.0 101.0
223.0 101.0 226.0 93.0
226.0 93.0 230.0 85.0
230.0 85.0 233.0 79.0
233.0 79.0 235.0 75.0
126.0 312.0 127.0 312.0
127.0 312.0 130.0 312.0
130.0 312.0 136.0 312.0
136.0 312.0 147.0 312.0
147.0 312.0 160.0 312.0
160.0 312.0 176.0 312.0
176.0 312.0 187.0 310.0
187.0 310.0 202.0 307.0
202.0 307.0 213.0 305.0
213.0 305.0 223.0 302.0
223.0 302.0 230.0 298.0
230.0 298.0 235.0 294.0
235.0 294.0 239.0 291.0
239.0 291.0 241.0 286.0
241.0 286.0 243.0 282.0
243.0 282.0 244.0 278.0
244.0 278.0 247.0 272.0
247.0 272.0 250.0 265.0
250.0 265.0 251.0 260.0
251.0 260.0 253.0 254.0
253.0 254.0 253.0 247.0
253.0 247.0 253.0 240.0
253.0 240.0 252.0 234.0
252.0 234.0 251.0 229.0
251.0 229.0 249.0 225.0
249.0 225.0 246.0 219.0
246.0 219.0 242.0 215.0
242.0 215.0 238.0 210.0
238.0 210.0 234.0 205.0
234.0 205.0 230.0 201.0
230.0 201.0 227.0 199.0
227.0 199.0 223.0 196.0
223.0 196.0 219.0 193.0
219.0 193.0 215.0 190.0
215.0 190.0 212.0 187.0
212.0 187.0 208.0 185.0
208.0 185.0 206.0 183.0
206.0 183.0 204.0 182.0
204.0 182.0 203.0 181.0
203.0 181.0 202.0 180.0
202.0 180.0 201.0 180.0
201.0 180.0 201.0 179.0
201.0 179.0 200.0 179.0
200.0 179.0 199.0 179.0
199.0 179.0 198.0 178.0
198.0 178.0 197.0 178.0
197.0 178.0 197.0 177.0
197.0 177.0 196.0 177.0
196.0 177.0 195.0 176.0
195.0 176.0 194.0 176.0
194.0 176.0 194.0 175.0
194.0 175.0 193.0 175.0
193.0 173.0 195.0 173.0
195.0 173.0 199.0 173.0
199.0 173.0 210.0 174.0
210.0 174.0 224.0 174.0
224.0 174.0 239.0 174.0
239.0 174.0 252.0 174.0
252.0 174.0 265.0 174.0
265.0 174.0 278.0 173.0
278.0 173.0 287.0 171.0
287.0 171.0 296.0 169.0
296.0 169.0 302.0 168.0
302.0 168.0 305.0 166.0
305.0 166.0 305.0 165.0
305.0 165.0 307.0 163.0
307.0 163.0 308.0 160.0
308.0 160.0 309.0 158.0
309.0 158.0 309.0 155.0
309.0 155.0 309.0 152.0
309.0 152.0 309.0 148.0
309.0 148.0 309.0 146.0
309.0 146.0 309.0 144.0
309.0 144.0 309.0 142.0
309.0 142.0 309.0 140.0
309.0 140.0 307.0 138.0
307.0 138.0 306.0 135.0
306.0 135.0 304.0 131.0
304.0 131.0 302.0 126.0
302.0 126.0 298.0 121.0
298.0 121.0 295.0 118.0
295.0 118.0 293.0 116.0
293.0 116.0 288.0 112.0
288.0 112.0 285.0 110.0
285.0 110.0 280.0 106.0
280.0 106.0 276.0 104.0
276.0 104.0 270.0 101.0
270.0 101.0 263.0 98.0
263.0 98.0 256.0 95.0
256.0 95.0 250.0 92.0
250.0 92.0 245.0 89.0
245.0 89.0 241.0 87.0
241.0 87.0 237.0 85.0
237.0 85.0 232.0 83.0
232.0 83.0 229.0 81.0
229.0 81.0 226.0 80.0
226.0 80.0 224.0 79.0
224.0 79.0 224.0 78.0
