286.0 361.0 282.0 359.0
282.0 359.0 278.0 354.0
278.0 354.0 271.0 348.0
271.0 348.0 264.0 341.0
264.0 341.0 257.0 331.0
257.0 331.0 249.0 320.0
249.0 320.0 240.0 309.0
240.0 309.0 231.0 298.0
231.0 298.0 223.0 287.0
223.0 287.0 216.0 278.0
216.0 278.0 209.0 268.0
209.0 268.0 201.0 257.0
201.0 257.0 194.0 247.0
194.0 247.0 187.0 237.0
187.0 237.0 181.0 228.0
181.0 228.0 175.0 220.0
175.0 220.0 169.0 211.0
169.0 211.0 163.0 204.0
163.0 204.0 158.0 197.0
158.0 197.0 155.0 194.0
155.0 194.0 154.0 192.0
154.0 192.0 153.0 192.0
153.0 192.0 152.0 191.0
152.0 191.0 151.0 190.0
151.0 190.0 151.0 189.0
151.0 189.0 150.0 189.0
150.0 189.0 150.0 188.0
150.0 188.0 149.0 188.0
289.0 359.0 293.0 353.0
293.0 353.0 297.0 347.0
297.0 347.0 300.0 343.0
300.0 343.0 303.0 336.0
303.0 336.0 306.0 329.0
306.0 329.0 309.0 323.0
309.0 323.0 311.0 315.0
311.0 315.0 312.0 309.0
312.0 309.0 313.0 303.0
313.0 303.0 313.0 298.0
313.0 298.0 313.0 294.0
313.0 294.0 313.0 290.0
313.0 290.0 312.0 287.0
312.0 287.0 311.0 285.0
311.0 285.0 309.0 282.0
309.0 282.0 307.0 279.0
307.0 279.0 304.0 276.0
304.0 276.0 299.0 272.0
299.0 272.0 295.0 269.0
295.0 269.0 292.0 267.0
292.0 267.0 290.0 266.0
290.0 266.0 287.0 264.0
287.0 264.0 285.0 264.0
285.0 264.0 281.0 263.0
281.0 263.0 277.0 263.0
277.0 263.0 271.0 263.0
271.0 263.0 265.0 263.0
265.0 263.0 261.0 263.0
261.0 263.0 255.0 263.0
255.0 263.0 250.0 263.0
250.0 263.0 245.0 263.0
245.0 263.0 239.0 263.0
239.0 263.0 234.0 264.0
234.0 264.0 230.0 264.0
230.0 264.0 226.0 265.0
226.0 265.0 223.0 266.0
223.0 266.0 219.0 266.0
219.0 266.0 215.0 266.0
215.0 266.0 212.0 267.0
212.0 267.0 209.0 267.0
209.0 267.0 207.0 268.0
207.0 268.0 205.0 268.0
205.0 268.0 204.0 268.0
204.0 268.0 205.0 268.0
205.0 268.0 206.0 267.0
206.0 267.0 207.0 266.0
207.0 266.0 208.0 264.0
208.0 264.0 210.0 261.0
210.0 261.0 211.0 259.0
211.0 259.0 213.0 257.0
213.0 257.0 213.0 255.0
213.0 255.0 214.0 249.0
214.0 249.0 214.0 243.0
214.0 243.0 215.0 238.0
215.0 238.0 216.0 234.0
216.0 234.0 216.0 232.0
216.0 232.0 216.0 230.0
216.0 230.0 216.0 225.0
216.0 225.0 216.0 221.0
216.0 221.0 216.0 219.0
216.0 219.0 216.0 215.0
216.0 215.0 214.0 210.0
214.0 210.0 212.0 207.0
212.0 207.0 211.0 204.0
211.0 204.0 210.0 202.0
210.0 202.0 208.0 200.0
208.0 200.0 204.0 195.0
204.0 195.0 199.0 192.0
199.0 192.0 194.0 189.0
194.0 189.0 189.0 184.0
189.0 184.0 183.0 181.0
183.0 181.0 179.0 178.0
179.0 178.0 175.0 175.0
175.0 175.0 170.0 174.0
170.0 174.0 165.0 172.0
165.0 172.0 162.0 172.0
162.0 172.0 159.0 172.0
159.0 172.0 157.0 172.0
157.0 172.0 154.0 172.0
154.0 172.0 152.0 172.0
152.0 172.0 150.0 172.0
150.0 172.0 149.0 173.0
149.0 173.0 149.0 174.0
149.0 174.0 148.0 175.0
148.0 175.0 148.0 176.0
148.0 176.0 148.0 177.0
148.0 177.0 148.0 178.0
148.0 178.0 148.0 179.0
148.0 179.0 148.0 180.0
148.0 180.0 148.0 181.0
148.0 181.0 148.0 182.0
148.0 182.0 148.0 183.0
148.0 183.0 148.0 184.0
148.0 184.0 148.0 185.0
148.0 185.0 148.0 186.0
