168.0 425.0 168.0 422.0
168.0 422.0 167.0 416.0
167.0 416.0 165.0 408.0
165.0 408.0 164.0 398.0
164.0 398.0 163.0 388.0
163.0 388.0 162.0 378.0
162.0 378.0 161.0 370.0
161.0 370.0 161.0 363.0
161.0 363.0 161.0 354.0
161.0 354.0 161.0 346.0
161.0 346.0 161.0 339.0
161.0 339.0 160.0 332.0
160.0 332.0 159.0 325.0
159.0 325.0 158.0 317.0
158.0 317.0 158.0 308.0
158.0 308.0 158.0 296.0
158.0 296.0 156.0 286.0
156.0 286.0 155.0 277.0
155.0 277.0 153.0 269.0
153.0 269.0 152.0 263.0
152.0 263.0 151.0 257.0
151.0 257.0 151.0 251.0
151.0 251.0 150.0 245.0
150.0 245.0 150.0 243.0
150.0 243.0 150.0 242.0
169.0 424.0 170.0 424.0
170.0 424.0 172.0 424.0
172.0 424.0 175.0 424.0
175.0 424.0 179.0 424.0
179.0 424.0 185.0 424.0
185.0 424.0 189.0 423.0
189.0 423.0 195.0 422.0
195.0 422.0 200.0 419.0
200.0 419.0 205.0 418.0
205.0 418.0 210.0 415.0
210.0 415.0 214.0 414.0
214.0 414.0 218.0 412.0
218.0 412.0 221.0 410.0
221.0 410.0 223.0 409.0
223.0 409.0 227.0 407.0
227.0 407.0 230.0 404.0
230.0 404.0 235.0 400.0
235.0 400.0 240.0 396.0
240.0 396.0 243.0 394.0
243.0 394.0 245.0 391.0
245.0 391.0 246.0 389.0
246.0 389.0 248.0 388.0
248.0 388.0 249.0 386.0
249.0 386.0 250.0 384.0
250.0 384.0 251.0 381.0
251.0 381.0 251.0 380.0
251.0 380.0 251.0 378.0
251.0 378.0 251.0 376.0
251.0 376.0 251.0 374.0
251.0 374.0 251.0 370.0
251.0 370.0 251.0 368.0
251.0 368.0 250.0 365.0
250.0 365.0 249.0 363.0
249.0 363.0 248.0 360.0
248.0 360.0 247.0 358.0
247.0 358.0 245.0 355.0
245.0 355.0 243.0 353.0
243.0 353.0 241.0 352.0
241.0 352.0 238.0 350.0
238.0 350.0 235.0 347.0
235.0 347.0 230.0 344.0
230.0 344.0 227.0 341.0
227.0 341.0 223.0 339.0
223.0 339.0 220.0 337.0
220.0 337.0 216.0 334.0
216.0 334.0 211.0 331.0
211.0 331.0 207.0 329.0
207.0 329.0 202.0 327.0
202.0 327.0 197.0 325.0
197.0 325.0 193.0 323.0
193.0 323.0 189.0 322.0
189.0 322.0 187.0 321.0
187.0 321.0 185.0 320.0
185.0 320.0 184.0 320.0
184.0 320.0 182.0 319.0
182.0 319.0 180.0 319.0
180.0 319.0 178.0 318.0
178.0 318.0 176.0 318.0
176.0 318.0 173.0 318.0
173.0 318.0 172.0 317.0
172.0 317.0 170.0 317.0
170.0 317.0 169.0 317.0
169.0 317.0 169.0 316.0
169.0 316.0 167.0 316.0
167.0 316.0 166.0 316.0
166.0 316.0 164.0 316.0
164.0 316.0 163.0 316.0
163.0 316.0 163.0 315.0
163.0 315.0 162.0 315.0
162.0 315.0 161.0 315.0
161.0 315.0 160.0 315.0
160.0 315.0 159.0 315.0
211.0 328.0 213.0 328.0
213.0 328.0 215.0 328.0
215.0 328.0 220.0 326.0
220.0 326.0 226.0 322.0
226.0 322.0 234.0 317.0
234.0 317.0 242.0 311.0
242.0 311.0 248.0 306.0
248.0 306.0 254.0 301.0
254.0 301.0 258.0 296.0
258.0 296.0 261.0 292.0
261.0 292.0 263.0 288.0
263.0 288.0 265.0 286.0
265.0 286.0 266.0 283.0
266.0 283.0 266.0 281.0
266.0 281.0 267.0 278.0
267.0 278.0 267.0 276.0
267.0 276.0 267.0 275.0
267.0 275.0 267.0 272.0
267.0 272.0 267.0 270.0
267.0 270.0 264.0 266.0
264.0 266.0 263.0 265.0
263.0 265.0 262.0 263.0
262.0 263.0 260.0 261.0
260.0 261.0 258.0 259.0
258.0 259.0 255.0 256.0
255.0 256.0 250.0 253.0
250.0 253.0 244.0 249.0
244.0 249.0 238.0 245.0
238.0 245.0 230.0 242.0
230.0 242.0 224.0 240.0
224.0 240.0 217.0 237.0
217.0 237.0 212.0 234.0
212.0 234.0 205.0 232.0
205.0 232.0 199.0 230.0
199.0 230.0 194.0 228.0
194.0 228.0 188.0 227.0
188.0 227.0 183.0 226.0
183.0 226.0 179.0 226.0
179.0 226.0 176.0 226.0
176.0 226.0 173.0 226.0
173.0 226.0 171.0 226.0
171.0 226.0 168.0 226.0
168.0 226.0 165.0 226.0
165.0 226.0 162.0 226.0
162.0 226.0 160.0 226.0
160.0 226.0 157.0 227.0
157.0 227.0 156.0 227.0
156.0 227.0 155.0 228.0
155.0 228.0 154.0 229.0
154.0 229.0 152.0 229.0
152.0 229.0 150.0 229.0
150.0 229.0 150.0 230.0
150.0 230.0 150.0 231.0
150.0 231.0 150.0 232.0
150.0 232.0 150.0 233.0
150.0 233.0 150.0 234.0
150.0 234.0 150.0 235.0
150.0 235.0 150.0 236.0
150.0 236.0 150.0 237.0
150.0 237.0 150.0 238.0
150.0 238.0 150.0 239.0
150.0 239.0 150.0 240.0
150.0 240.0 150.0 241.0
