190.0 334.0 190.0 329.0
190.0 329.0 191.0 321.0
191.0 321.0 194.0 311.0
194.0 311.0 196.0 301.0
196.0 301.0 197.0 289.0
197.0 289.0 197.0 277.0
197.0 277.0 197.0 265.0
197.0 265.0 200.0 251.0
200.0 251.0 202.0 238.0
202.0 238.0 204.0 227.0
204.0 227.0 205.0 218.0
205.0 218.0 206.0 209.0
206.0 209.0 208.0 199.0
208.0 199.0 209.0 190.0
209.0 190.0 209.0 180.0
209.0 180.0 209.0 172.0
209.0 172.0 209.0 165.0
209.0 165.0 209.0 161.0
209.0 161.0 209.0 157.0
209.0 157.0 209.0 155.0
209.0 155.0 209.0 153.0
209.0 153.0 210.0 148.0
210.0 148.0 210.0 145.0
210.0 145.0 210.0 144.0
210.0 144.0 210.0 143.0
210.0 143.0 210.0 142.0
210.0 142.0 210.0 141.0
192.0 332.0 195.0 329.0
195.0 329.0 201.0 326.0
201.0 326.0 209.0 320.0
209.0 320.0 221.0 312.0
221.0 312.0 234.0 304.0
234.0 304.0 247.0 297.0
247.0 297.0 257.0 292.0
257.0 292.0 270.0 286.0
270.0 286.0 278.0 283.0
278.0 283.0 287.0 279.0
287.0 279.0 293.0 277.0
293.0 277.0 298.0 275.0
298.0 275.0 300.0 274.0
300.0 274.0 301.0 274.0
301.0 274.0 302.0 274.0
302.0 274.0 301.0 272.0
301.0 272.0 299.0 271.0
299.0 271.0 296.0 269.0
296.0 269.0 294.0 268.0
294.0 268.0 292.0 266.0
292.0 266.0 288.0 263.0
288.0 263.0 283.0 260.0
283.0 260.0 279.0 257.0
279.0 257.0 274.0 254.0
274.0 254.0 269.0 251.0
269.0 251.0 266.0 249.0
266.0 249.0 263.0 248.0
263.0 248.0 259.0 245.0
259.0 245.0 255.0 242.0
255.0 242.0 250.0 238.0
250.0 238.0 245.0 236.0
245.0 236.0 240.0 234.0
240.0 234.0 236.0 232.0
236.0 232.0 230.0 230.0
230.0 230.0 224.0 226.0
224.0 226.0 220.0 222.0
220.0 222.0 214.0 219.0
214.0 219.0 211.0 216.0
211.0 216.0 208.0 216.0
208.0 216.0 205.0 214.0
205.0 214.0 202.0 213.0
202.0 213.0 199.0 211.0
199.0 211.0 197.0 211.0
197.0 211.0 197.0 209.0
197.0 209.0 196.0 209.0
210.0 212.0 220.0 212.0
220.0 212.0 235.0 209.0
235.0 209.0 255.0 206.0
255.0 206.0 277.0 205.0
277.0 205.0 296.0 205.0
296.0 205.0 316.0 205.0
316.0 205.0 331.0 205.0
331.0 205.0 336.0 204.0
336.0 204.0 337.0 204.0
337.0 204.0 337.0 203.0
337.0 203.0 337.0 201.0
337.0 201.0 335.0 199.0
335.0 199.0 332.0 196.0
332.0 196.0 327.0 192.0
327.0 192.0 321.0 187.0
321.0 187.0 315.0 182.0
315.0 182.0 308.0 176.0
308.0 176.0 301.0 171.0
301.0 171.0 292.0 166.0
292.0 166.0 283.0 162.0
283.0 162.0 275.0 158.0
275.0 158.0 268.0 154.0
268.0 154.0 260.0 151.0
260.0 151.0 253.0 148.0
253.0 148.0 245.0 144.0
245.0 144.0 237.0 140.0
237.0 140.0 228.0 136.0
228.0 136.0 220.0 132.0
220.0 132.0 212.0 130.0
212.0 130.0 208.0 130.0
208.0 130.0 204.0 129.0
