178.0 345.0 178.0 339.0
178.0 339.0 178.0 328.0
178.0 328.0 178.0 315.0
178.0 315.0 178.0 299.0
178.0 299.0 180.0 284.0
180.0 284.0 181.0 270.0
181.0 270.0 184.0 253.0
184.0 253.0 185.0 235.0
185.0 235.0 187.0 220.0
187.0 220.0 187.0 206.0
187.0 206.0 187.0 192.0
187.0 192.0 187.0 180.0
187.0 180.0 187.0 169.0
187.0 169.0 187.0 161.0
187.0 161.0 187.0 153.0
187.0 153.0 187.0 147.0
187.0 147.0 187.0 142.0
187.0 142.0 187.0 140.0
187.0 140.0 187.0 138.0
187.0 138.0 187.0 135.0
187.0 135.0 187.0 133.0
187.0 133.0 187.0 130.0
187.0 130.0 187.0 126.0
187.0 126.0 187.0 124.0
187.0 124.0 187.0 122.0
187.0 122.0 187.0 121.0
180.0 344.0 187.0 344.0
187.0 344.0 198.0 342.0
198.0 342.0 211.0 340.0
211.0 340.0 222.0 337.0
222.0 337.0 229.0 333.0
229.0 333.0 236.0 329.0
236.0 329.0 241.0 324.0
241.0 324.0 246.0 318.0
246.0 318.0 251.0 311.0
251.0 311.0 256.0 305.0
256.0 305.0 258.0 300.0
258.0 300.0 260.0 296.0
260.0 296.0 261.0 292.0
261.0 292.0 262.0 286.0
262.0 286.0 263.0 280.0
263.0 280.0 263.0 273.0
263.0 273.0 263.0 266.0
263.0 266.0 263.0 260.0
263.0 260.0 261.0 252.0
261.0 252.0 260.0 245.0
260.0 245.0 258.0 237.0
258.0 237.0 257.0 232.0
257.0 232.0 255.0 229.0
255.0 229.0 254.0 226.0
254.0 226.0 252.0 224.0
252.0 224.0 250.0 222.0
250.0 222.0 248.0 220.0
248.0 220.0 246.0 218.0
246.0 218.0 244.0 217.0
244.0 217.0 242.0 215.0
242.0 215.0 239.0 213.0
239.0 213.0 236.0 213.0
236.0 213.0 234.0 212.0
234.0 212.0 231.0 210.0
231.0 210.0 227.0 209.0
227.0 209.0 224.0 209.0
224.0 209.0 221.0 208.0
221.0 208.0 218.0 208.0
218.0 208.0 216.0 208.0
216.0 208.0 214.0 208.0
214.0 208.0 212.0 207.0
212.0 207.0 210.0 207.0
210.0 207.0 208.0 207.0
208.0 207.0 206.0 207.0
206.0 207.0 205.0 207.0
205.0 207.0 204.0 206.0
204.0 206.0 203.0 206.0
203.0 206.0 202.0 206.0
202.0 206.0 200.0 206.0
200.0 206.0 198.0 206.0
198.0 206.0 197.0 206.0
197.0 206.0 196.0 206.0
196.0 206.0 195.0 206.0
195.0 206.0 194.0 206.0
194.0 206.0 192.0 206.0
192.0 206.0 190.0 205.0
190.0 205.0 189.0 205.0
189.0 205.0 188.0 204.0
188.0 204.0 187.0 204.0
188.0 203.0 193.0 203.0
193.0 203.0 199.0 203.0
199.0 203.0 211.0 202.0
211.0 202.0 221.0 200.0
221.0 200.0 232.0 197.0
232.0 197.0 242.0 192.0
242.0 192.0 251.0 189.0
251.0 189.0 259.0 185.0
259.0 185.0 264.0 182.0
264.0 182.0 268.0 179.0
268.0 179.0 273.0 176.0
273.0 176.0 275.0 175.0
275.0 175.0 275.0 173.0
275.0 173.0 275.0 172.0
275.0 172.0 276.0 171.0
276.0 171.0 276.0 170.0
276.0 170.0 276.0 168.0
276.0 168.0 276.0 166.0
276.0 166.0 276.0 163.0
276.0 163.0 275.0 160.0
275.0 160.0 274.0 158.0
274.0 158.0 273.0 155.0
273.0 155.0 272.0 152.0
272.0 152.0 270.0 150.0
270.0 150.0 266.0 145.0
266.0 145.0 263.0 141.0
263.0 141.0 260.0 137.0
260.0 137.0 254.0 131.0
254.0 131.0 250.0 127.0
250.0 127.0 247.0 125.0
247.0 125.0 244.0 123.0
244.0 123.0 243.0 122.0
243.0 122.0 241.0 122.0
241.0 122.0 239.0 121.0
239.0 121.0 233.0 121.0
233.0 121.0 229.0 120.0
229.0 120.0 225.0 119.0
225.0 119.0 223.0 119.0
223.0 119.0 222.0 119.0
222.0 119.0 220.0 119.0
220.0 119.0 219.0 119.0
219.0 119.0 217.0 119.0
217.0 119.0 215.0 119.0
215.0 119.0 213.0 119.0
213.0 119.0 211.0 119.0
211.0 119.0 210.0 119.0
210.0 119.0 209.0 119.0
209.0 119.0 208.0 119.0
208.0 119.0 207.0 119.0
207.0 119.0 206.0 119.0
206.0 119.0 205.0 119.0
205.0 119.0 204.0 119.0
204.0 119.0 202.0 119.0
202.0 119.0 201.0 119.0
201.0 119.0 199.0 119.0
199.0 119.0 198.0 119.0
198.0 119.0 197.0 119.0
197.0 119.0 196.0 119.0
196.0 119.0 195.0 119.0
195.0 119.0 194.0 119.0
194.0 119.0 193.0 119.0
193.0 119.0 192.0 119.0
192.0 119.0 191.0 119.0
191.0 119.0 190.0 119.0
190.0 119.0 188.0 119.0
188.0 119.0 187.0 119.0
