109.0 70.0 109.0 72.0
109.0 72.0 110.0 75.0
110.0 75.0 111.0 81.0
111.0 81.0 112.0 87.0
112.0 87.0 113.0 94.0
113.0 94.0 115.0 100.0
115.0 100.0 118.0 109.0
118.0 109.0 121.0 116.0
121.0 116.0 123.0 125.0
123.0 125.0 126.0 133.0
126.0 133.0 129.0 143.0
129.0 143.0 132.0 152.0
132.0 152.0 136.0 160.0
136.0 160.0 139.0 169.0
139.0 169.0 142.0 176.0
142.0 176.0 147.0 185.0
147.0 185.0 151.0 194.0
151.0 194.0 156.0 204.0
156.0 204.0 161.0 213.0
161.0 213.0 164.0 220.0
164.0 220.0 169.0 229.0
169.0 229.0 173.0 239.0
173.0 239.0 178.0 249.0
178.0 249.0 182.0 260.0
182.0 260.0 186.0 268.0
186.0 268.0 189.0 275.0
189.0 275.0 193.0 282.0
193.0 282.0 196.0 288.0
196.0 288.0 199.0 296.0
199.0 296.0 202.0 303.0
202.0 303.0 204.0 307.0
204.0 307.0 206.0 312.0
206.0 312.0 207.0 314.0
207.0 314.0 207.0 316.0
207.0 316.0 209.0 318.0
209.0 318.0 210.0 320.0
210.0 320.0 211.0 323.0
211.0 323.0 212.0 324.0
212.0 324.0 212.0 326.0
212.0 326.0 213.0 325.0
213.0 325.0 214.0 322.0
214.0 322.0 218.0 314.0
218.0 314.0 223.0 304.0
223.0 304.0 231.0 292.0
231.0 292.0 238.0 281.0
238.0 281.0 243.0 270.0
243.0 270.0 251.0 257.0
251.0 257.0 258.0 245.0
258.0 245.0 264.0 236.0
264.0 236.0 269.0 224.0
269.0 224.0 274.0 211.0
274.0 211.0 279.0 199.0
279.0 199.0 283.0 191.0
283.0 191.0 288.0 179.0
288.0 179.0 292.0 170.0
292.0 170.0 295.0 162.0
295.0 162.0 299.0 153.0
299.0 153.0 302.0 143.0
302.0 143.0 305.0 134.0
305.0 134.0 309.0 125.0
309.0 125.0 311.0 118.0
311.0 118.0 313.0 114.0
313.0 114.0 315.0 109.0
315.0 109.0 317.0 105.0
317.0 105.0 319.0 101.0
319.0 101.0 319.0 98.0
319.0 98.0 319.0 97.0
319.0 97.0 319.0 96.0
319.0 96.0 321.0 96.0
321.0 96.0 321.0 95.0
321.0 95.0 321.0 94.0
157.0 201.0 159.0 201.0
159.0 201.0 165.0 200.0
165.0 200.0 174.0 199.0
174.0 199.0 185.0 198.0
185.0 198.0 198.0 198.0
198.0 198.0 210.0 198.0
210.0 198.0 222.0 198.0
222.0 198.0 234.0 198.0
234.0 198.0 244.0 198.0
244.0 198.0 253.0 198.0
253.0 198.0 261.0 198.0
261.0 198.0 266.0 198.0
266.0 198.0 270.0 198.0
270.0 198.0 272.0 198.0
272.0 198.0 273.0 198.0
273.0 198.0 275.0 198.0
275.0 198.0 279.0 198.0
279.0 198.0 281.0 198.0
281.0 198.0 282.0 198.0
