111.0 105.0 116.0 112.0
116.0 112.0 121.0 123.0
121.0 123.0 126.0 135.0
126.0 135.0 133.0 148.0
133.0 148.0 139.0 159.0
139.0 159.0 143.0 172.0
143.0 172.0 146.0 184.0
146.0 184.0 149.0 195.0
149.0 195.0 153.0 207.0
153.0 207.0 157.0 217.0
157.0 217.0 160.0 224.0
160.0 224.0 162.0 232.0
162.0 232.0 165.0 238.0
165.0 238.0 168.0 243.0
168.0 243.0 169.0 246.0
169.0 246.0 171.0 250.0
171.0 250.0 172.0 252.0
172.0 252.0 172.0 251.0
172.0 251.0 173.0 249.0
173.0 249.0 175.0 245.0
175.0 245.0 178.0 231.0
178.0 231.0 181.0 213.0
181.0 213.0 184.0 198.0
184.0 198.0 187.0 183.0
187.0 183.0 191.0 174.0
191.0 174.0 195.0 164.0
195.0 164.0 200.0 155.0
200.0 155.0 203.0 146.0
203.0 146.0 206.0 140.0
206.0 140.0 207.0 136.0
207.0 136.0 208.0 134.0
208.0 134.0 209.0 133.0
209.0 133.0 209.0 131.0
209.0 131.0 210.0 128.0
210.0 128.0 211.0 127.0
211.0 127.0 211.0 125.0
211.0 125.0 211.0 124.0
211.0 124.0 211.0 122.0
211.0 122.0 211.0 121.0
211.0 121.0 212.0 121.0
212.0 121.0 212.0 119.0
212.0 119.0 212.0 118.0
145.0 171.0 146.0 171.0
146.0 171.0 149.0 171.0
149.0 171.0 151.0 171.0
151.0 171.0 155.0 171.0
155.0 171.0 158.0 171.0
158.0 171.0 161.0 171.0
161.0 171.0 162.0 171.0
162.0 171.0 163.0 171.0
163.0 171.0 164.0 171.0
164.0 171.0 165.0 171.0
165.0 171.0 166.0 171.0
166.0 171.0 168.0 171.0
168.0 171.0 170.0 171.0
170.0 171.0 171.0 171.0
171.0 171.0 172.0 171.0
172.0 171.0 173.0 171.0
173.0 171.0 174.0 171.0
174.0 171.0 175.0 171.0
175.0 171.0 176.0 171.0
176.0 171.0 180.0 171.0
180.0 171.0 182.0 171.0
182.0 171.0 183.0 171.0
183.0 171.0 184.0 171.0
184.0 171.0 185.0 171.0
185.0 171.0 187.0 171.0
187.0 171.0 188.0 171.0
188.0 171.0 189.0 171.0
189.0 171.0 190.0 171.0
190.0 171.0 191.0 171.0
191.0 171.0 192.0 171.0
192.0 171.0 192.0 170.0
