147.0 155.0 149.0 160.0
149.0 160.0 154.0 168.0
154.0 168.0 159.0 179.0
159.0 179.0 166.0 192.0
166.0 192.0 173.0 209.0
173.0 209.0 182.0 225.0
182.0 225.0 191.0 243.0
191.0 243.0 200.0 263.0
200.0 263.0 209.0 287.0
209.0 287.0 217.0 310.0
217.0 310.0 227.0 335.0
227.0 335.0 237.0 359.0
237.0 359.0 245.0 380.0
245.0 380.0 253.0 399.0
253.0 399.0 260.0 416.0
260.0 416.0 265.0 429.0
265.0 429.0 269.0 440.0
269.0 440.0 271.0 446.0
271.0 446.0 274.0 451.0
274.0 451.0 275.0 452.0
275.0 452.0 275.0 451.0
275.0 451.0 278.0 448.0
278.0 448.0 282.0 441.0
282.0 441.0 288.0 431.0
288.0 431.0 296.0 416.0
296.0 416.0 306.0 397.0
306.0 397.0 314.0 374.0
314.0 374.0 323.0 355.0
323.0 355.0 332.0 337.0
332.0 337.0 341.0 318.0
341.0 318.0 350.0 299.0
350.0 299.0 359.0 280.0
359.0 280.0 365.0 264.0
365.0 264.0 371.0 247.0
371.0 247.0 373.0 233.0
373.0 233.0 375.0 220.0
375.0 220.0 376.0 208.0
376.0 208.0 378.0 194.0
378.0 194.0 380.0 184.0
380.0 184.0 382.0 174.0
382.0 174.0 383.0 169.0
383.0 169.0 384.0 166.0
384.0 166.0 385.0 165.0
216.0 305.0 217.0 305.0
217.0 305.0 219.0 305.0
219.0 305.0 224.0 304.0
224.0 304.0 233.0 303.0
233.0 303.0 244.0 302.0
244.0 302.0 255.0 302.0
255.0 302.0 263.0 302.0
263.0 302.0 270.0 302.0
270.0 302.0 275.0 302.0
275.0 302.0 280.0 301.0
280.0 301.0 285.0 300.0
285.0 300.0 290.0 300.0
290.0 300.0 293.0 300.0
293.0 300.0 295.0 300.0
295.0 300.0 296.0 300.0
296.0 300.0 297.0 300.0
297.0 300.0 299.0 300.0
299.0 300.0 302.0 300.0
302.0 300.0 306.0 300.0
306.0 300.0 308.0 300.0
308.0 300.0 310.0 300.0
310.0 300.0 314.0 300.0
314.0 300.0 319.0 300.0
319.0 300.0 323.0 300.0
323.0 300.0 326.0 300.0
326.0 300.0 328.0 300.0
328.0 300.0 329.0 300.0
329.0 300.0 330.0 300.0
330.0 300.0 331.0 300.0
331.0 300.0 332.0 300.0
332.0 300.0 333.0 300.0
333.0 300.0 334.0 300.0
334.0 300.0 335.0 300.0
335.0 300.0 336.0 300.0
336.0 300.0 340.0 300.0
340.0 300.0 341.0 300.0
341.0 300.0 342.0 300.0
342.0 300.0 343.0 299.0
343.0 299.0 344.0 299.0
344.0 299.0 345.0 299.0
345.0 299.0 346.0 299.0
346.0 299.0 347.0 299.0
347.0 299.0 348.0 299.0
