113.0 80.0 115.0 82.0
115.0 82.0 117.0 87.0
117.0 87.0 121.0 92.0
121.0 92.0 124.0 101.0
124.0 101.0 127.0 107.0
127.0 107.0 130.0 112.0
130.0 112.0 132.0 115.0
132.0 115.0 134.0 119.0
134.0 119.0 136.0 122.0
136.0 122.0 139.0 127.0
139.0 127.0 142.0 132.0
142.0 132.0 146.0 139.0
146.0 139.0 151.0 147.0
151.0 147.0 156.0 155.0
156.0 155.0 160.0 164.0
160.0 164.0 165.0 174.0
165.0 174.0 169.0 184.0
169.0 184.0 171.0 191.0
171.0 191.0 175.0 199.0
175.0 199.0 179.0 209.0
179.0 209.0 183.0 218.0
183.0 218.0 187.0 227.0
187.0 227.0 191.0 236.0
191.0 236.0 195.0 245.0
195.0 245.0 198.0 253.0
198.0 253.0 202.0 259.0
202.0 259.0 205.0 267.0
205.0 267.0 208.0 274.0
208.0 274.0 212.0 281.0
212.0 281.0 214.0 286.0
214.0 286.0 217.0 292.0
217.0 292.0 221.0 296.0
221.0 296.0 224.0 300.0
224.0 300.0 227.0 305.0
227.0 305.0 231.0 309.0
231.0 309.0 233.0 313.0
233.0 313.0 234.0 314.0
234.0 314.0 235.0 315.0
235.0 315.0 236.0 316.0
236.0 316.0 236.0 317.0
236.0 317.0 237.0 317.0
237.0 317.0 238.0 317.0
238.0 317.0 239.0 316.0
239.0 316.0 241.0 315.0
241.0 315.0 243.0 313.0
243.0 313.0 244.0 312.0
244.0 312.0 246.0 312.0
246.0 312.0 247.0 311.0
247.0 311.0 248.0 309.0
248.0 309.0 249.0 308.0
249.0 308.0 249.0 307.0
249.0 307.0 252.0 304.0
252.0 304.0 253.0 302.0
253.0 302.0 254.0 301.0
254.0 301.0 255.0 299.0
255.0 299.0 256.0 299.0
256.0 299.0 257.0 298.0
257.0 298.0 258.0 296.0
258.0 296.0 259.0 294.0
259.0 294.0 260.0 293.0
260.0 293.0 261.0 291.0
261.0 291.0 262.0 288.0
262.0 288.0 263.0 286.0
263.0 286.0 264.0 284.0
264.0 284.0 264.0 282.0
264.0 282.0 266.0 279.0
266.0 279.0 267.0 276.0
267.0 276.0 268.0 273.0
268.0 273.0 270.0 269.0
270.0 269.0 272.0 265.0
272.0 265.0 275.0 258.0
275.0 258.0 278.0 252.0
278.0 252.0 281.0 245.0
281.0 245.0 284.0 238.0
284.0 238.0 287.0 231.0
287.0 231.0 291.0 222.0
291.0 222.0 295.0 215.0
295.0 215.0 298.0 208.0
298.0 208.0 301.0 201.0
301.0 201.0 303.0 196.0
303.0 196.0 305.0 190.0
305.0 190.0 308.0 183.0
308.0 183.0 311.0 178.0
311.0 178.0 313.0 172.0
313.0 172.0 316.0 167.0
316.0 167.0 318.0 162.0
318.0 162.0 320.0 157.0
320.0 157.0 322.0 152.0
322.0 152.0 325.0 148.0
325.0 148.0 327.0 144.0
327.0 144.0 329.0 141.0
329.0 141.0 330.0 139.0
330.0 139.0 331.0 136.0
331.0 136.0 332.0 133.0
332.0 133.0 334.0 130.0
334.0 130.0 334.0 128.0
334.0 128.0 334.0 127.0
334.0 127.0 334.0 126.0
334.0 126.0 335.0 125.0
335.0 125.0 335.0 124.0
335.0 124.0 335.0 123.0
335.0 123.0 335.0 122.0
335.0 122.0 335.0 121.0
335.0 121.0 335.0 120.0
335.0 120.0 336.0 120.0
336.0 120.0 336.0 119.0
336.0 119.0 336.0 118.0
336.0 118.0 336.0 117.0
336.0 117.0 337.0 117.0
337.0 117.0 337.0 116.0
337.0 116.0 337.0 115.0
337.0 115.0 338.0 113.0
338.0 113.0 338.0 112.0
338.0 112.0 339.0 112.0
339.0 112.0 339.0 111.0
339.0 111.0 339.0 110.0
339.0 110.0 339.0 109.0
188.0 225.0 189.0 225.0
189.0 225.0 193.0 225.0
193.0 225.0 201.0 225.0
201.0 225.0 208.0 225.0
208.0 225.0 220.0 225.0
220.0 225.0 229.0 225.0
229.0 225.0 238.0 225.0
238.0 225.0 247.0 225.0
247.0 225.0 253.0 225.0
253.0 225.0 258.0 225.0
258.0 225.0 263.0 225.0
263.0 225.0 266.0 225.0
266.0 225.0 269.0 225.0
269.0 225.0 270.0 225.0
270.0 225.0 271.0 225.0
271.0 225.0 273.0 225.0
273.0 225.0 274.0 225.0
274.0 225.0 276.0 225.0
276.0 225.0 279.0 225.0
279.0 225.0 281.0 225.0
281.0 225.0 283.0 225.0
283.0 225.0 284.0 225.0
284.0 225.0 285.0 225.0
285.0 225.0 286.0 225.0
286.0 225.0 287.0 225.0
287.0 225.0 288.0 225.0
288.0 225.0 289.0 225.0
