113.0 75.0 113.0 77.0
113.0 77.0 116.0 82.0
116.0 82.0 119.0 89.0
119.0 89.0 125.0 102.0
125.0 102.0 134.0 119.0
134.0 119.0 143.0 137.0
143.0 137.0 150.0 151.0
150.0 151.0 158.0 164.0
158.0 164.0 165.0 174.0
165.0 174.0 171.0 182.0
171.0 182.0 176.0 190.0
176.0 190.0 180.0 196.0
180.0 196.0 183.0 200.0
183.0 200.0 185.0 203.0
185.0 203.0 188.0 206.0
188.0 206.0 188.0 207.0
188.0 207.0 189.0 207.0
189.0 207.0 189.0 208.0
189.0 208.0 190.0 208.0
190.0 208.0 190.0 206.0
190.0 206.0 193.0 200.0
193.0 200.0 199.0 187.0
199.0 187.0 206.0 173.0
206.0 173.0 213.0 156.0
213.0 156.0 220.0 140.0
220.0 140.0 228.0 126.0
228.0 126.0 233.0 114.0
233.0 114.0 241.0 100.0
241.0 100.0 248.0 86.0
248.0 86.0 255.0 72.0
255.0 72.0 259.0 64.0
259.0 64.0 261.0 62.0
261.0 62.0 261.0 60.0
146.0 136.0 151.0 137.0
151.0 137.0 158.0 137.0
158.0 137.0 166.0 137.0
166.0 137.0 173.0 137.0
173.0 137.0 179.0 137.0
179.0 137.0 184.0 137.0
184.0 137.0 190.0 137.0
190.0 137.0 196.0 137.0
196.0 137.0 202.0 137.0
202.0 137.0 207.0 137.0
207.0 137.0 212.0 137.0
212.0 137.0 214.0 137.0
214.0 137.0 215.0 137.0
215.0 137.0 216.0 137.0
216.0 137.0 217.0 137.0
217.0 137.0 218.0 137.0
218.0 137.0 219.0 137.0
219.0 137.0 220.0 137.0
