145.0 108.0 145.0 109.0
145.0 109.0 145.0 110.0
145.0 110.0 147.0 112.0
147.0 112.0 148.0 114.0
148.0 114.0 149.0 115.0
149.0 115.0 150.0 119.0
150.0 119.0 151.0 121.0
151.0 121.0 152.0 125.0
152.0 125.0 154.0 129.0
154.0 129.0 156.0 133.0
156.0 133.0 159.0 138.0
159.0 138.0 160.0 143.0
160.0 143.0 162.0 148.0
162.0 148.0 165.0 153.0
165.0 153.0 167.0 160.0
167.0 160.0 169.0 167.0
169.0 167.0 171.0 173.0
171.0 173.0 174.0 178.0
174.0 178.0 175.0 183.0
175.0 183.0 177.0 189.0
177.0 189.0 180.0 195.0
180.0 195.0 184.0 204.0
184.0 204.0 187.0 212.0
187.0 212.0 190.0 219.0
190.0 219.0 192.0 224.0
192.0 224.0 195.0 229.0
195.0 229.0 197.0 234.0
197.0 234.0 199.0 238.0
199.0 238.0 201.0 243.0
201.0 243.0 203.0 247.0
203.0 247.0 204.0 249.0
204.0 249.0 206.0 250.0
206.0 250.0 206.0 251.0
206.0 251.0 207.0 252.0
207.0 252.0 209.0 253.0
209.0 253.0 209.0 254.0
209.0 254.0 210.0 254.0
210.0 254.0 211.0 254.0
211.0 254.0 212.0 254.0
212.0 254.0 214.0 255.0
214.0 255.0 216.0 255.0
216.0 255.0 218.0 255.0
218.0 255.0 221.0 255.0
221.0 255.0 222.0 255.0
222.0 255.0 224.0 255.0
224.0 255.0 225.0 255.0
225.0 255.0 227.0 255.0
227.0 255.0 229.0 255.0
229.0 255.0 231.0 255.0
231.0 255.0 234.0 255.0
234.0 255.0 235.0 255.0
235.0 255.0 236.0 255.0
236.0 255.0 237.0 254.0
237.0 254.0 239.0 253.0
239.0 253.0 239.0 251.0
239.0 251.0 241.0 250.0
241.0 250.0 243.0 249.0
243.0 249.0 245.0 248.0
245.0 248.0 245.0 246.0
245.0 246.0 247.0 246.0
247.0 246.0 247.0 245.0
247.0 245.0 249.0 243.0
249.0 243.0 250.0 241.0
250.0 241.0 251.0 239.0
251.0 239.0 253.0 237.0
253.0 237.0 254.0 235.0
254.0 235.0 254.0 233.0
254.0 233.0 255.0 232.0
255.0 232.0 257.0 228.0
257.0 228.0 258.0 226.0
258.0 226.0 258.0 225.0
258.0 225.0 258.0 224.0
258.0 224.0 258.0 222.0
258.0 222.0 260.0 219.0
260.0 219.0 261.0 215.0
261.0 215.0 261.0 211.0
261.0 211.0 262.0 208.0
262.0 208.0 262.0 205.0
262.0 205.0 263.0 199.0
263.0 199.0 264.0 193.0
264.0 193.0 265.0 187.0
265.0 187.0 266.0 183.0
266.0 183.0 267.0 180.0
267.0 180.0 267.0 177.0
267.0 177.0 267.0 174.0
267.0 174.0 267.0 171.0
267.0 171.0 268.0 169.0
268.0 169.0 269.0 166.0
269.0 166.0 270.0 163.0
270.0 163.0 270.0 160.0
270.0 160.0 271.0 157.0
271.0 157.0 272.0 153.0
272.0 153.0 273.0 150.0
273.0 150.0 273.0 146.0
273.0 146.0 275.0 141.0
275.0 141.0 276.0 136.0
276.0 136.0 277.0 129.0
277.0 129.0 277.0 125.0
277.0 125.0 279.0 121.0
279.0 121.0 279.0 119.0
279.0 119.0 280.0 118.0
280.0 118.0 280.0 117.0
178.0 185.0 180.0 185.0
180.0 185.0 182.0 185.0
182.0 185.0 185.0 185.0
185.0 185.0 187.0 185.0
187.0 185.0 192.0 185.0
192.0 185.0 195.0 185.0
195.0 185.0 199.0 185.0
199.0 185.0 204.0 185.0
204.0 185.0 207.0 185.0
207.0 185.0 209.0 185.0
209.0 185.0 211.0 185.0
211.0 185.0 213.0 185.0
213.0 185.0 215.0 185.0
215.0 185.0 217.0 185.0
217.0 185.0 221.0 185.0
221.0 185.0 224.0 185.0
224.0 185.0 225.0 185.0
225.0 185.0 226.0 185.0
226.0 185.0 228.0 185.0
228.0 185.0 230.0 185.0
230.0 185.0 233.0 185.0
233.0 185.0 234.0 185.0
234.0 185.0 237.0 185.0
237.0 185.0 239.0 185.0
239.0 185.0 240.0 185.0
240.0 185.0 243.0 185.0
243.0 185.0 246.0 184.0
246.0 184.0 247.0 184.0
247.0 184.0 249.0 184.0
249.0 184.0 251.0 184.0
251.0 184.0 252.0 184.0
252.0 184.0 253.0 184.0
253.0 184.0 253.0 183.0
253.0 183.0 254.0 183.0
254.0 183.0 255.0 183.0
255.0 183.0 256.0 183.0
256.0 183.0 257.0 183.0
257.0 183.0 258.0 183.0
258.0 183.0 259.0 183.0
259.0 183.0 260.0 183.0
260.0 183.0 261.0 183.0
261.0 183.0 262.0 183.0
262.0 183.0 263.0 183.0
263.0 183.0 264.0 183.0
264.0 183.0 265.0 183.0
