91.0 53.0 91.0 54.0
91.0 54.0 93.0 58.0
93.0 58.0 95.0 60.0
95.0 60.0 97.0 63.0
97.0 63.0 99.0 66.0
99.0 66.0 102.0 70.0
102.0 70.0 105.0 76.0
105.0 76.0 107.0 79.0
107.0 79.0 109.0 82.0
109.0 82.0 110.0 85.0
110.0 85.0 112.0 88.0
112.0 88.0 113.0 92.0
113.0 92.0 115.0 97.0
115.0 97.0 117.0 100.0
117.0 100.0 119.0 104.0
119.0 104.0 121.0 107.0
121.0 107.0 124.0 111.0
124.0 111.0 126.0 115.0
126.0 115.0 127.0 118.0
127.0 118.0 129.0 121.0
129.0 121.0 130.0 124.0
130.0 124.0 133.0 128.0
133.0 128.0 134.0 131.0
134.0 131.0 136.0 134.0
136.0 134.0 138.0 137.0
138.0 137.0 139.0 140.0
139.0 140.0 141.0 143.0
141.0 143.0 143.0 146.0
143.0 146.0 144.0 148.0
144.0 148.0 146.0 150.0
146.0 150.0 147.0 151.0
147.0 151.0 148.0 153.0
148.0 153.0 150.0 155.0
150.0 155.0 151.0 157.0
151.0 157.0 154.0 160.0
154.0 160.0 156.0 162.0
156.0 162.0 158.0 164.0
158.0 164.0 160.0 165.0
160.0 165.0 162.0 166.0
162.0 166.0 162.0 168.0
162.0 168.0 163.0 168.0
163.0 168.0 164.0 168.0
164.0 168.0 164.0 169.0
164.0 169.0 166.0 169.0
166.0 169.0 168.0 170.0
168.0 170.0 170.0 171.0
170.0 171.0 171.0 171.0
171.0 171.0 172.0 171.0
172.0 171.0 172.0 173.0
172.0 173.0 173.0 173.0
173.0 173.0 175.0 173.0
175.0 173.0 177.0 173.0
177.0 173.0 178.0 173.0
178.0 173.0 179.0 173.0
179.0 173.0 181.0 173.0
181.0 173.0 184.0 173.0
184.0 173.0 189.0 173.0
189.0 173.0 194.0 172.0
194.0 172.0 198.0 171.0
198.0 171.0 203.0 171.0
203.0 171.0 206.0 170.0
206.0 170.0 210.0 169.0
210.0 169.0 214.0 167.0
214.0 167.0 219.0 165.0
219.0 165.0 223.0 163.0
223.0 163.0 228.0 162.0
228.0 162.0 231.0 160.0
231.0 160.0 234.0 159.0
234.0 159.0 237.0 157.0
237.0 157.0 241.0 154.0
241.0 154.0 244.0 153.0
244.0 153.0 247.0 151.0
247.0 151.0 250.0 148.0
250.0 148.0 253.0 146.0
253.0 146.0 255.0 144.0
255.0 144.0 257.0 141.0
257.0 141.0 259.0 138.0
259.0 138.0 262.0 134.0
262.0 134.0 264.0 131.0
264.0 131.0 267.0 127.0
267.0 127.0 269.0 124.0
269.0 124.0 271.0 120.0
271.0 120.0 273.0 115.0
273.0 115.0 275.0 110.0
275.0 110.0 276.0 106.0
276.0 106.0 278.0 103.0
278.0 103.0 280.0 99.0
280.0 99.0 281.0 95.0
281.0 95.0 283.0 92.0
283.0 92.0 285.0 88.0
285.0 88.0 286.0 85.0
286.0 85.0 288.0 81.0
288.0 81.0 290.0 77.0
290.0 77.0 290.0 74.0
290.0 74.0 291.0 72.0
291.0 72.0 291.0 71.0
291.0 71.0 291.0 70.0
291.0 70.0 291.0 69.0
291.0 69.0 291.0 68.0
291.0 68.0 291.0 67.0
291.0 67.0 292.0 67.0
292.0 67.0 292.0 66.0
132.0 120.0 137.0 120.0
137.0 120.0 146.0 120.0
146.0 120.0 157.0 120.0
157.0 120.0 169.0 120.0
169.0 120.0 178.0 121.0
178.0 121.0 187.0 121.0
187.0 121.0 194.0 123.0
194.0 123.0 200.0 123.0
200.0 123.0 203.0 123.0
203.0 123.0 205.0 123.0
205.0 123.0 208.0 123.0
208.0 123.0 210.0 123.0
210.0 123.0 213.0 123.0
213.0 123.0 216.0 123.0
216.0 123.0 219.0 123.0
219.0 123.0 224.0 123.0
224.0 123.0 227.0 123.0
227.0 123.0 230.0 123.0
230.0 123.0 232.0 123.0
232.0 123.0 233.0 123.0
233.0 123.0 234.0 123.0
234.0 123.0 236.0 123.0
236.0 123.0 237.0 123.0
237.0 123.0 239.0 123.0
239.0 123.0 241.0 123.0
241.0 123.0 242.0 123.0
242.0 123.0 243.0 123.0
243.0 123.0 244.0 123.0
244.0 123.0 246.0 123.0
246.0 123.0 247.0 123.0
247.0 123.0 248.0 123.0
248.0 123.0 250.0 123.0
250.0 123.0 253.0 123.0
253.0 123.0 255.0 123.0
255.0 123.0 259.0 123.0
259.0 123.0 260.0 123.0
260.0 123.0 260.0 124.0
260.0 124.0 261.0 124.0
261.0 124.0 262.0 124.0
262.0 124.0 263.0 124.0
263.0 124.0 264.0 124.0
264.0 124.0 265.0 125.0
265.0 125.0 266.0 125.0
266.0 125.0 267.0 125.0
