151.0 80.0 151.0 81.0
151.0 81.0 151.0 84.0
151.0 84.0 151.0 89.0
151.0 89.0 151.0 96.0
151.0 96.0 151.0 104.0
151.0 104.0 151.0 113.0
151.0 113.0 152.0 121.0
152.0 121.0 153.0 129.0
153.0 129.0 153.0 139.0
153.0 139.0 153.0 153.0
153.0 153.0 153.0 165.0
153.0 165.0 153.0 179.0
153.0 179.0 153.0 190.0
153.0 190.0 153.0 199.0
153.0 199.0 155.0 210.0
155.0 210.0 157.0 221.0
157.0 221.0 158.0 230.0
158.0 230.0 160.0 239.0
160.0 239.0 162.0 247.0
162.0 247.0 164.0 256.0
164.0 256.0 167.0 265.0
167.0 265.0 169.0 271.0
169.0 271.0 172.0 280.0
172.0 280.0 176.0 287.0
176.0 287.0 179.0 295.0
179.0 295.0 182.0 303.0
182.0 303.0 185.0 312.0
185.0 312.0 189.0 320.0
189.0 320.0 192.0 328.0
192.0 328.0 195.0 334.0
195.0 334.0 197.0 339.0
197.0 339.0 199.0 345.0
199.0 345.0 201.0 350.0
201.0 350.0 203.0 355.0
203.0 355.0 203.0 356.0
203.0 356.0 203.0 357.0
203.0 357.0 204.0 357.0
204.0 357.0 204.0 356.0
204.0 356.0 205.0 354.0
205.0 354.0 206.0 351.0
206.0 351.0 208.0 346.0
208.0 346.0 209.0 341.0
209.0 341.0 212.0 335.0
212.0 335.0 214.0 330.0
214.0 330.0 216.0 323.0
216.0 323.0 220.0 315.0
220.0 315.0 224.0 307.0
224.0 307.0 228.0 299.0
228.0 299.0 232.0 293.0
232.0 293.0 234.0 286.0
234.0 286.0 236.0 280.0
236.0 280.0 239.0 273.0
239.0 273.0 242.0 267.0
242.0 267.0 245.0 259.0
245.0 259.0 248.0 251.0
248.0 251.0 252.0 243.0
252.0 243.0 253.0 234.0
253.0 234.0 257.0 223.0
257.0 223.0 261.0 212.0
261.0 212.0 265.0 201.0
265.0 201.0 269.0 190.0
269.0 190.0 272.0 181.0
272.0 181.0 275.0 171.0
275.0 171.0 277.0 162.0
277.0 162.0 280.0 153.0
280.0 153.0 283.0 143.0
283.0 143.0 287.0 134.0
287.0 134.0 288.0 127.0
288.0 127.0 289.0 121.0
289.0 121.0 290.0 116.0
290.0 116.0 291.0 110.0
291.0 110.0 291.0 108.0
157.0 213.0 158.0 213.0
158.0 213.0 163.0 213.0
163.0 213.0 172.0 213.0
172.0 213.0 184.0 213.0
184.0 213.0 196.0 213.0
196.0 213.0 207.0 213.0
207.0 213.0 215.0 213.0
215.0 213.0 225.0 213.0
225.0 213.0 233.0 213.0
233.0 213.0 240.0 213.0
240.0 213.0 244.0 213.0
244.0 213.0 245.0 213.0
245.0 213.0 247.0 213.0
247.0 213.0 249.0 212.0
249.0 212.0 251.0 212.0
251.0 212.0 252.0 212.0
252.0 212.0 254.0 212.0
254.0 212.0 255.0 212.0
255.0 212.0 256.0 212.0
256.0 212.0 257.0 212.0
257.0 212.0 258.0 212.0
258.0 212.0 259.0 212.0
