196.0 124.0 196.0 125.0
196.0 125.0 195.0 125.0
195.0 125.0 195.0 127.0
195.0 127.0 195.0 128.0
195.0 128.0 195.0 130.0
195.0 130.0 195.0 132.0
195.0 132.0 195.0 134.0
195.0 134.0 195.0 138.0
195.0 138.0 194.0 142.0
194.0 142.0 193.0 147.0
193.0 147.0 192.0 151.0
192.0 151.0 192.0 157.0
192.0 157.0 190.0 163.0
190.0 163.0 189.0 170.0
189.0 170.0 188.0 177.0
188.0 177.0 188.0 182.0
188.0 182.0 187.0 188.0
187.0 188.0 186.0 195.0
186.0 195.0 184.0 203.0
184.0 203.0 183.0 212.0
183.0 212.0 182.0 221.0
182.0 221.0 181.0 231.0
181.0 231.0 179.0 240.0
179.0 240.0 178.0 247.0
178.0 247.0 177.0 257.0
177.0 257.0 174.0 269.0
174.0 269.0 173.0 280.0
173.0 280.0 171.0 291.0
171.0 291.0 169.0 301.0
169.0 301.0 167.0 311.0
167.0 311.0 166.0 320.0
166.0 320.0 164.0 330.0
164.0 330.0 163.0 338.0
163.0 338.0 162.0 345.0
162.0 345.0 161.0 351.0
161.0 351.0 160.0 354.0
160.0 354.0 160.0 356.0
160.0 356.0 161.0 355.0
161.0 355.0 162.0 354.0
162.0 354.0 165.0 352.0
165.0 352.0 168.0 348.0
168.0 348.0 170.0 346.0
170.0 346.0 173.0 344.0
173.0 344.0 177.0 340.0
177.0 340.0 181.0 336.0
181.0 336.0 184.0 333.0
184.0 333.0 188.0 330.0
188.0 330.0 193.0 326.0
193.0 326.0 199.0 321.0
199.0 321.0 204.0 317.0
204.0 317.0 209.0 312.0
209.0 312.0 213.0 307.0
213.0 307.0 216.0 304.0
216.0 304.0 221.0 298.0
221.0 298.0 226.0 294.0
226.0 294.0 231.0 289.0
231.0 289.0 237.0 283.0
237.0 283.0 243.0 277.0
243.0 277.0 248.0 272.0
248.0 272.0 256.0 265.0
256.0 265.0 264.0 259.0
264.0 259.0 272.0 253.0
272.0 253.0 278.0 248.0
278.0 248.0 282.0 244.0
282.0 244.0 286.0 240.0
286.0 240.0 291.0 235.0
291.0 235.0 293.0 232.0
293.0 232.0 297.0 229.0
297.0 229.0 298.0 228.0
298.0 228.0 300.0 228.0
300.0 228.0 300.0 227.0
300.0 227.0 301.0 226.0
301.0 226.0 303.0 226.0
180.0 241.0 182.0 241.0
182.0 241.0 185.0 242.0
185.0 242.0 190.0 244.0
190.0 244.0 194.0 246.0
194.0 246.0 198.0 247.0
198.0 247.0 202.0 249.0
202.0 249.0 206.0 250.0
206.0 250.0 208.0 251.0
208.0 251.0 210.0 252.0
210.0 252.0 213.0 253.0
213.0 253.0 214.0 254.0
214.0 254.0 215.0 254.0
215.0 254.0 216.0 255.0
216.0 255.0 218.0 255.0
218.0 255.0 220.0 256.0
220.0 256.0 222.0 257.0
222.0 257.0 225.0 258.0
225.0 258.0 227.0 259.0
227.0 259.0 228.0 260.0
228.0 260.0 229.0 260.0
229.0 260.0 230.0 261.0
230.0 261.0 231.0 261.0
231.0 261.0 232.0 262.0
232.0 262.0 233.0 262.0
233.0 262.0 234.0 262.0
234.0 262.0 234.0 264.0
234.0 264.0 235.0 264.0
235.0 264.0 236.0 264.0
236.0 264.0 237.0 265.0
237.0 265.0 238.0 265.0
238.0 265.0 239.0 265.0
239.0 265.0 240.0 265.0
240.0 265.0 241.0 265.0
241.0 265.0 241.0 267.0
241.0 267.0 242.0 267.0
242.0 267.0 243.0 267.0
243.0 267.0 244.0 268.0
244.0 268.0 245.0 268.0
245.0 268.0 245.0 269.0
245.0 269.0 246.0 269.0
246.0 269.0 247.0 269.0
