135.0 200.0 139.0 202.0
139.0 202.0 146.0 207.0
146.0 207.0 155.0 214.0
155.0 214.0 169.0 224.0
169.0 224.0 179.0 233.0
179.0 233.0 191.0 242.0
191.0 242.0 200.0 250.0
200.0 250.0 208.0 259.0
208.0 259.0 217.0 266.0
217.0 266.0 226.0 273.0
226.0 273.0 235.0 279.0
235.0 279.0 242.0 283.0
242.0 283.0 247.0 286.0
247.0 286.0 253.0 290.0
253.0 290.0 260.0 294.0
260.0 294.0 267.0 298.0
267.0 298.0 274.0 301.0
274.0 301.0 283.0 305.0
283.0 305.0 293.0 310.0
293.0 310.0 302.0 315.0
302.0 315.0 310.0 319.0
310.0 319.0 315.0 321.0
315.0 321.0 317.0 322.0
317.0 322.0 318.0 322.0
318.0 322.0 318.0 323.0
318.0 323.0 318.0 322.0
318.0 322.0 318.0 320.0
318.0 320.0 318.0 315.0
318.0 315.0 318.0 309.0
318.0 309.0 318.0 300.0
318.0 300.0 318.0 289.0
318.0 289.0 317.0 278.0
317.0 278.0 315.0 266.0
315.0 266.0 312.0 256.0
312.0 256.0 311.0 246.0
311.0 246.0 310.0 238.0
310.0 238.0 309.0 231.0
309.0 231.0 308.0 225.0
308.0 225.0 307.0 220.0
307.0 220.0 306.0 217.0
306.0 217.0 304.0 211.0
304.0 211.0 301.0 206.0
301.0 206.0 299.0 200.0
299.0 200.0 297.0 195.0
297.0 195.0 297.0 192.0
297.0 192.0 296.0 190.0
296.0 190.0 295.0 187.0
295.0 187.0 295.0 184.0
295.0 184.0 295.0 179.0
295.0 179.0 294.0 177.0
294.0 177.0 293.0 172.0
293.0 172.0 292.0 166.0
292.0 166.0 292.0 162.0
292.0 162.0 291.0 158.0
291.0 158.0 290.0 151.0
290.0 151.0 289.0 146.0
289.0 146.0 288.0 141.0
288.0 141.0 288.0 137.0
288.0 137.0 287.0 135.0
287.0 135.0 287.0 134.0
287.0 134.0 287.0 133.0
287.0 133.0 286.0 132.0
286.0 132.0 286.0 131.0
286.0 131.0 284.0 129.0
284.0 129.0 284.0 126.0
284.0 126.0 283.0 124.0
283.0 124.0 283.0 123.0
283.0 123.0 283.0 121.0
283.0 121.0 283.0 120.0
283.0 120.0 282.0 118.0
282.0 118.0 281.0 118.0
219.0 264.0 223.0 261.0
223.0 261.0 226.0 257.0
226.0 257.0 233.0 251.0
233.0 251.0 238.0 247.0
238.0 247.0 244.0 242.0
244.0 242.0 250.0 238.0
250.0 238.0 256.0 233.0
256.0 233.0 262.0 229.0
262.0 229.0 267.0 225.0
267.0 225.0 270.0 223.0
270.0 223.0 273.0 221.0
273.0 221.0 274.0 219.0
274.0 219.0 278.0 217.0
278.0 217.0 283.0 213.0
283.0 213.0 288.0 210.0
288.0 210.0 292.0 208.0
292.0 208.0 294.0 208.0
294.0 208.0 294.0 207.0
294.0 207.0 295.0 206.0
295.0 206.0 297.0 205.0
297.0 205.0 298.0 205.0
298.0 205.0 298.0 204.0
